27887
48592
19010
57347
44551
58907
18340
36780
8896
11673
15473
13073
10583
57783
38800
15437
5649
35089
62753
41653
24145
16112
12223
8853
56391
64568
53671
22249
24056
30716
5592
32060
54330
5837
11156
64310
47701
42815
45760
27905
16989
4191
56724
63860
38456
17422
28232
26550
1814
42918
65035
24411
24067
10592
59388
58025
1348
38047
38661
24748
25889
41759
17217
17509
21549
16662
51765
7656
48355
32457
55332
988
50505
32659
7965
38380
39688
9360
40320
48486
7080
17625
45212
28377
36647
36411
52348
61493
36849
64619
36464
37160
38819
35165
36968
2328
57638
60625
61050
26063
57357
4790
4483
22972
16314
17527
47306
59086
37875
49361
52292
40389
54692
54394
37054
38813
47767
9261
61965
47458
35694
12980
48312
59712
33032
48004
33664
28476
61309
63702
13639
33791
45460
39684
61394
58858
53769
6756
46004
28421
22677
11664
18383
63298
15741
55269
53074
5233
49154
34636
32370
28208
61498
43424
6162
44682
64601
39193
50246
35312
25090
39072
42014
49450
16060
13510
50667
22486
44141
57593
46490
57492
346
14861
31093
46836
25404
25714
62653
11583
60547
29867
12679
9047
34417
26900
14811
39508
1017
44077
57442
47278
15732
23360
2598
19172
17756
9781
53305
13948
63409
53071
47405
4119
25044
25690
39310
12863
58485
51943
39020
22741
42555
14060
52081
3632
28927
29290
48489
45479
30336
22056
36055
48493
41212
37709
44597
18915
64004
37822
31075
55493
41714
10286
45911
53573
47126
24238
8032
2422
63300
57321
42337
26530
60649
50128
53187
22926
56797
58656
52174
17995
20629
19874
58471
35778
33702
40921
51678
16705
58125
9756
15348
14057
38486
61238
42375
15475
4370
42420
28170
889
31302
25970
43967
14206
12169
2764
9643
5029
23374
25739
21672
41154
56264
27952
8966
20738
46813
38495
20853
14019
18617
8546
41224
5329
51912
7964
40188
56597
57837
42976
15978
25179
35217
5437
48976
28774
63209
62617
5405
46317
21013
16008
29672
54098
21097
21305
24122
13670
44515
52666
35102
9233
47691
27924
56306
1403
50866
57555
7947
18752
22106
64962
17931
12548
6321
52285
25362
51779
58695
37831
8439
49151
9391
54064
33947
13825
30825
21192
47757
22059
35404
51730
59090
12546
10272
3377
33514
51031
65461
17350
33388
41517
54266
13138
39695
2510
4513
22287
447
23464
35560
1613
15924
64125
29585
48519
24759
2970
43307
13659
40434
30901
60792
2513
49519
14041
4811
35917
58549
31150
41317
63232
46469
32187
12973
41546
21781
54830
30917
24423
29530
29080
36785
34845
59405
48880
1629
15666
19938
53168
55910
19896
24369
63152
3854
13204
19646
3207
20270
54944
31566
11010
14594
33642
61873
47343
10740
56689
60200
1874
5604
64135
4021
28740
45512
14008
37163
59307
55839
24869
5952
44443
5114
23486
62032
25396
39026
9503
25214
7150
57236
1555
64403
16497
50740
34546
56204
45944
29510
11505
52902
51138
8735
22703
52734
15568
6436
1466
61898
53934
54407
29528
54328
41090
56522
49463
4607
26851
50500
25419
39022
49189
25034
40797
33259
13843
45249
28867
36924
29744
8555
39849
49961
42501
31474
5519
61766
45075
32815
25713
45800
65157
39970
9590
56386
48212
7324
34730
26112
24849
18647
27386
9045
60598
37436
49160
23540
14435
9034
15992
8124
13984
44248
5501
29559
14402
55848
43451
49679
37468
45404
5230
63085
49199
5524
65170
26541
8146
62186
46893
9875
9184
30892
25357
1809
40417
25612
48526
61227
5787
19205
47689
62501
57727
13576
5802
50018
14560
37590
32023
54485
41007
55747
45335
15444
37371
1490
35289
23919
3978
708
32311
48348
37222
15341
44877
5021
37345
11821
46438
15510
3609
64630
47680
42489
58933
30419
27669
24253
39980
21334
6739
23955
6156
12474
26678
9433
31597
22878
50753
52713
47582
45988
43635
57427
21453
16356
58471
12058
52010
28030
36372
33133
61118
15657
57454
48491
2398
63437
33953
1342
7926
27715
850
4181
20781
29805
25488
36765
4640
36989
22332
39603
9222
59212
62094
45351
23158
61815
40150
27870
23471
39906
59711
29894
6230
12909
23573
57517
37963
59036
54143
4970
52791
7278
42661
3771
56140
47997
25460
38869
37796
53366
63085
52073
49166
42142
37136
20399
36378
48036
44762
29049
63776
40027
34499
41536
53491
62733
11234
61238
28550
12373
50046
51329
1971
25053
62967
25224
42851
7062
2636
60785
39015
6598
42583
3953
11226
14199
45095
28879
15854
2805
17255
41921
55855
15397
39104
25000
29779
51721
24859
35340
42577
19155
47968
51559
29591
53185
7555
34089
47466
42248
22835
2889
57233
9056
9742
60614
39212
17801
9854
28516
50627
38402
19994
43741
23760
18638
34989
60329
64578
16468
58321
35091
54056
13333
45869
24717
30495
59763
56451
29760
58147
13159
56706
51780
46057
23268
9710
7106
24222
22579
1291
23214
60711
27364
58920
47438
62845
47955
44395
2929
25081
45962
14356
56656
62792
9875
55937
64221
41015
33389
65187
54062
2000
37662
3942
53635
27061
35288
48455
36843
12715
23391
30181
33209
32651
16819
81
9462
59255
30773
29271
60768
22661
45994
50211
24632
12073
33435
53216
24991
35356
41795
30324
39326
26878
31757
24944
25484
30111
40933
41236
44472
35246
37206
27667
64458
40290
37886
2515
52266
17925
9370
28508
35499
57380
53715
6047
4088
60937
27820
59656
12652
47870
29598
39135
53003
31813
57634
33065
2162
40083
8718
39847
11615
44005
31649
42079
44482
17987
63816
58460
51122
48829
36959
61954
12815
12969
20988
46012
14528
64102
41166
3140
3599
64165
43319
63889
54097
51717
5363
18592
38146
48292
48875
50532
10907
57456
14559
30504
19602
39948
18556
49913
59867
44223
13624
30598
44402
35041
16815
54389
2829
61829
64236
39613
4979
41485
64462
26741
46127
21808
17242
57600
3818
44781
34790
65130
57724
20567
55198
64309
56476
24323
65134
26636
35453
62715
19146
38886
33940
14575
29633
47805
7921
42993
13359
60362
910
25615
7718
36897
4056
3077
49161
38433
60899
49781
20334
10570
38954
3212
7735
63876
11810
8955
26961
17468
8198
11122
61376
57846
56501
44466
57613
63407
25695
62721
21847
55622
45385
3839
48129
46409
1145
49622
43565
56087
14816
20493
44091
42679
13750
48616
18345
12832
54960
48496
6450
63079
9604
33144
59369
10354
30016
46886
